# 18/150 iterations complete ✅ (11002.29s)
# Results saved to C:\Users\zhou\Desktop\yolo26n-tune\runs\detect\neu_det_tune
# Best fitness=0.48593 observed at iteration 6
# Best fitness metrics are {'metrics/precision(B)': 0.75535, 'metrics/recall(B)': 0.72951, 'metrics/mAP50(B)': 0.78841, 'metrics/mAP50-95(B)': 0.48593, 'val/box_loss': 1.35981, 'val/cls_loss': 0.6705, 'val/dfl_loss': 0.02038, 'fitness': 0.48593}
# Best fitness model is C:\Users\zhou\Desktop\yolo26n-tune\runs\detect\train
lr0: 0.00205
lrf: 0.0125
momentum: 0.91114
weight_decay: 0.00053
warmup_epochs: 2.88712
warmup_momentum: 0.72597
box: 7.53761
cls: 0.33221
dfl: 1.20704
hsv_h: 0.01532
hsv_s: 0.69915
hsv_v: 0.39995
degrees: 0.00408
translate: 0.10221
scale: 0.43479
shear: 0.0
perspective: 0.0
flipud: 0.00246
fliplr: 0.47535
bgr: 0.0
mosaic: 0.82468
mixup: 0.00386
cutmix: 0.00124
copy_paste: 0.0
close_mosaic: 9
